*Conductivity
**Units in (mW/mm/K)		
60.0,273.00
50.0,373.00
45.0,473.00
38.0,673.00
30.0,873.00
25.0,1073.00
28.0,1473.00
37.0,1573.00
37.0,1823.00
*Density
**Units in (tonne/mm^3)
7.88e-9,
*Latent Heat
**Units (mJ/tonne)
2.39e+08,1758.15,1798.15
*Specific Heat
**Units (mJ/tonne/K)	
4.80e8,273.00
5.00e8,373.00
5.20e8,473.00
6.50e8,673.00
7.50e8,873.00
10.00e8,1073.00
14.00e8,1473.00
16.00e8,1573.00
17.00e8,1823.00
**source: Influence of Residual Stresses on Failure pressure of cylinder pressure vessels by jeyakumer et al

*MATERIAL, NAME=Mildsteel
 *ELASTIC
 210e+03, 0.280,  273.
 200e+03, 0.285,  373.
 200e+03, 0.290,  473.
 170e+03, 0.310,  673.
 80e+03,  0.330,  873.
 35e+03,  0.330,  1073.
 15e+03,  0.360,  1473.
 10e+03,  0.380,  1573.
 10e+03,  0.390,  1823.
 *EXPANSION
 1.10e-06,  273.
 1.15e-06,  373.
 1.20e-06,  473.
 1.30e-06,  673.
 1.42e-06,  873.
 1.45e-06,  1073.
 1.45e-06,  1473.
 1.45e-06,  1573.
 1.45e-06,  1823.
*PLASTIC
 380, 0.0,  273.
 340, 0.0,  373.
 315, 0.0,  473.
 230, 0.0,  673.
 110, 0.0,  873.
 30,  0.0,  1073.
 20,  0.0,  1473.
 18,  0.0,  1573.
 15,  0.0,  1823.