**Source: Thermocalc
*Conductivity
**Units in (mW/mm/K)	
18.02,298.00		
18.00,353.00
16.89,408.00
14.09,463.00
14.91,518.00
15.75,573.00
16.51,623.00
17.35,678.00
18.19,733.00
19.03,788.00
19.87,843.00
20.71,898.00
21.47,953.00
22.08,1008.00
22.84,1063.00
23.67,1118.00
24.50,1173.00
25.33,1228.00
26.17,1283.00
26.99,1338.00
27.82,1393.00
28.65,1448.00
29.48,1503.00
30.31,1558.00
31.15,1613.00
31.89,1668.00
31.26,1723.00
32.35,1778.00
33.44,1833.00
34.53,1888.00
35.22,1923.00
*Density
**Units in (tonne/mm^3)
7.99949e-9,
*Latent Heat
**Units (mJ/tonne)
1.13e+08,1663.15,1713.15
*Specific Heat
**Units (mJ/tonne/K)
5.35e8,298.00		
6.09e8,353.00
5.81e8,463.00
4.96e8,518.00
5.01e8,573.00
5.07e8,623.00
5.14e8,678.00
5.22e8,733.00
5.29e8,788.00
5.37e8,843.00
5.45e8,898.00
6.27e8,953.00
6.50e8,1008.00
5.66e8,1063.00
5.75e8,1118.00
5.84e8,1173.00
5.95e8,1228.00
6.06e8,1283.00
6.18e8,1338.00
6.30e8,1393.00
6.44e8,1448.00
6.34e8,1503.00
6.43e8,1558.00
6.52e8,1613.00
7.43e8,1723.00
7.62e8,1778.00
7.73e8,1833.00
7.73e8,1888.00
7.73e8,1923.00
7.73e8,1950.00
7.73e8,2000.00
--------------------------
**Source: JMatPro
*MATERIAL, NAME=M250
 *ELASTIC
 193e+03, 0.30,  300.
 165e+03, 0.30,  550.
 156e+03, 0.30,  800.
 130e+03, 0.30,  950.
 110e+03, 0.30, 1300.
 80e+03, 0.30,  1650.
*EXPANSION
 1.008e-05,   373.
 1.008e-05,   573.
 1.008e-05,   773.
 1.008e-05,   1073.
*PLASTIC
 629., 0.,300.
 469., 0.,550.
 427., 0.,800.
 82., 0.,950.
 39., 0.,1300.
 10., 0.,1650.


7.73e8,2100.00
7.73e8,3000.00